0 0.4886732828125 0.8216011484375001 0.454891603125 0.8211319937500001 0.4530152671875 0.8502926828125 0.48935572499999996 0.8507747484375001 0.4886732828125 0.8216011484375001
0 0.280996946875 0.7607962703125 0.28116793906250004 0.7890071734374999 0.316824428125 0.7904490671875 0.3171664125 0.7614375890625 0.280996946875 0.7607962703125
0 0.35945038125 0.79102869375 0.395603053125 0.7909139171875 0.3949923671875 0.7628005734375 0.36054961875 0.7636040171875 0.35945038125 0.79102869375
0 0.2863343515625 0.5506786234375001 0.28637557187499996 0.5769526546875 0.3184122140625 0.5755494984375 0.3184122140625 0.549037303125 0.2863343515625 0.5506786234375001
0 0.3072900765625 0.58584218125 0.2624732828125 0.5861664281250001 0.2624732828125 0.6156284078125001 0.30629465625 0.6148479203125 0.30646106875 0.586621234375 0.3072900765625 0.58584218125
0 0.23389312968749998 0.62657101875 0.2343511453125 0.6605781921875 0.2659847328125 0.6605781921875 0.2657404578125 0.6262682921875 0.23389312968749998 0.62657101875
0 0.2654961828125 0.6622037296875 0.2331297703125 0.6624390250000001 0.2341068703125 0.694791965625 0.2650076328125 0.694791965625 0.2654961828125 0.6622037296875
0 0.40045801562500005 0.663443328125 0.4018931296875 0.698898134375 0.43596946562500005 0.698898134375 0.435480915625 0.66275179375 0.40045801562500005 0.663443328125
0 0.4659541984375 0.732740315625 0.46619847343750004 0.7717546625 0.500519084375 0.7712955531250001 0.500274809375 0.7326513625 0.4659541984375 0.732740315625
0 0.6332824421875001 0.5922812046875 0.6337404578125 0.622078909375 0.6651297703125 0.6203586796875 0.664519084375 0.5923586796875 0.6332824421875001 0.5922812046875
0 0.70381679375 0.5944332859375 0.704335878125 0.6194461984374999 0.7381679390625 0.62036441875 0.7376793890625 0.5942008609375 0.70381679375 0.5944332859375
0 0.7425648859375 0.6247245343750001 0.7094656484375 0.6245624109375 0.7115419843749999 0.6501979906249999 0.7428091609374999 0.650542325 0.7425648859375 0.6247245343750001
0 0.5225954203125001 0.1320961265625 0.48974045781250003 0.1314074609375 0.4896183203125 0.1642252515625 0.52320610625 0.16502869375 0.5225954203125001 0.1320961265625
0 0.43978015312499996 0.1278536578125 0.392836640625 0.1276298421875 0.391044275 0.157143471875 0.441213740625 0.1564705875 0.43978015312499996 0.1278536578125
0 0.366844275 0.18527403125 0.3662870234375 0.218691534375 0.4056106875 0.22018220937500002 0.4056106875 0.186205165625 0.366844275 0.18527403125
0 0.3918625953125 0.221218078125 0.392853434375 0.251819225 0.43570534375000003 0.25135437656250004 0.43570534375000003 0.221218078125 0.3918625953125 0.221218078125
0 0.34678778593750004 0.22377474843749998 0.312596946875 0.22426829218750002 0.3127267171875 0.2521248203125 0.35494656562500004 0.25285509375 0.34678778593750004 0.22377474843749998
0 0.1813435109375 0.16549784843749998 0.1493129765625 0.1651649921875 0.14824427499999998 0.192923959375 0.1808549625 0.1934978484375 0.1813435109375 0.16549784843749998
0 0.37926717499999996 0.348856528125 0.343358778125 0.3499569578125 0.3387175578125 0.38018220937499997 0.3782900765625 0.38006743125 0.37926717499999996 0.348856528125
1 0.128125 0.8875 0.04375 0.01875
1 0.253125 0.88671875 0.04140625 0.01953125
1 0.43828125 0.8875 0.03359375 0.01640625
1 0.53203125 0.83515625 0.01875 0.04609375
1 0.87265625 0.68828125 0.0203125 0.03046875
1 0.875 0.6203125 0.01875 0.02421875
1 0.8734375 0.55078125 0.025 0.02578125
1 0.8734375 0.75546875 0.01796875 0.03046875
1 0.45859375 0.58125 0.05234375 0.01953125
1 0.35390625 0.578125 0.0546875 0.01796875
1 0.23125 0.5796875 0.03125 0.01640625
1 0.30390625 0.5796875 0.028125 0.01796875
1 0.1359375 0.35 0.03984375 0.01640625
1 0.2625 0.3515625 0.04296875 0.0171875
1 0.459375 0.3484375 0.05 0.015625
1 0.540625 0.30625 0.01953125 0.028125
1 0.465625 0.040625 0.05234375 0.015625
1 0.22734375 0.04140625 0.053125 0.0171875
1 0.18046875 0.1140625 0.02109375 0.10703125
1 0.13515625 0.20234375 0.040625 0.01875
1 0.07734375 0.2796875 0.0203125 0.07734375
1 0.35859375 0.35 0.06015625 0.0125