0 0.31420109687500003 0.817154046875 0.31420109687500003 0.87584073125 0.37759049375 0.87270235 0.3805219375 0.7963172328125 0.31420109687500003 0.817154046875
0 0.373929615625 0.9164503921874999 0.37350091406249997 0.8823746734375 0.3106480796875 0.8847650125 0.30778427812500003 0.9569281984375 0.373929615625 0.9164503921874999
0 0.37027879375 0.422313315625 0.31426234062499997 0.420972584375 0.3154826328125 0.4824268921875 0.3704954296875 0.48428590156249995 0.37027879375 0.422313315625
0 0.266925959375 0.4766945171875 0.2660585015625 0.41875065312500004 0.211371115625 0.41782114843749996 0.21093692812499998 0.47592036562500006 0.266925959375 0.4766945171875
0 0.711143509375 0.47139556093749996 0.630940584375 0.46736292500000004 0.6252742234374999 0.5224308093750001 0.7141946984375 0.52180809375 0.711143509375 0.47139556093749996
0 0.3352111515625 0.7238067890625 0.302226690625 0.7229699734375 0.299339121875 0.7868903390625 0.3350082265625 0.7874699734374999 0.3352111515625 0.7238067890625
0 0.36763162656250004 0.103845953125 0.315874771875 0.10417362968749999 0.3144469828125 0.1669138375 0.3694341859375 0.1707741515625 0.36763162656250004 0.103845953125
0 0.0348994515625 0.8972284593750001 0.0006389390625 0.898362925 0 0.980462140625 0.034132540625 0.9826527421875 0.0348994515625 0.8972284593750001
1 0.03671875 0.32890625 0.053125 0.1578125
1 0.0375 0.55 0.0453125 0.1578125
1 0.02890625 0.7484375 0.03984375 0.11328125
1 0.6875 0.1578125 0.1234375 0.05703125
1 0.8203125 0.72265625 0.034375 0.2453125