0 0.2724146828125 0.1978030890625 0.202755953125 0.1976428578125 0.20627579375 0.26874324375 0.2741765875 0.2694787640625 0.2724146828125 0.1978030890625
0 0.5224246031249999 0.4118918921875 0.5241686515625 0.4783918921875 0.5857341265625 0.4910482625 0.584146825 0.41140540468750003 0.5224246031249999 0.4118918921875
0 0.509730159375 0.5284517375 0.511396825 0.5907722 0.5716904765625 0.5913899609375 0.5716904765625 0.5278011578124999 0.509730159375 0.5284517375
0 0.659674603125 0.4790482625 0.660230159375 0.5339749031250001 0.7119563484375 0.5333571421875 0.712273809375 0.4796447875 0.659674603125 0.4790482625
0 0.591446428125 0.38294594531250004 0.59295238125 0.4351660234375 0.6389682546875 0.43455019375 0.6380158734375 0.3814555984375 0.591446428125 0.38294594531250004
0 0.7211587296874999 0.351202703125 0.6580873015625001 0.35168339843749996 0.6608630953125 0.40738417031249996 0.7230634921875 0.408619690625 0.7211587296874999 0.351202703125
0 0.7087817453125 0.4178976828125 0.6584841265625 0.4172953671875 0.6557857140625 0.47284555937499995 0.7100515875 0.47222780000000003 0.7087817453125 0.4178976828125
0 0.656696428125 0.7790617765625 0.658271825 0.830911196875 0.7142757937499999 0.8469478765625 0.7123353171875 0.7778494203124999 0.656696428125 0.7790617765625
0 0.71106944375 0.9818610031249999 0.7087678578125 0.9114420843750001 0.653321428125 0.91225675625 0.6552043656250001 0.9814536671875 0.71106944375 0.9818610031249999
0 0.7995734125 0.9118494203124999 0.736751984375 0.9115598453124999 0.73680555625 0.9845077218749999 0.7997837296875 0.9845077218749999 0.7995734125 0.9118494203124999
0 0.968373015625 0.5616081078125 0.91345238125 0.561299228125 0.9145634921875001 0.6158030890624999 0.9678968250000001 0.616266409375 0.968373015625 0.5616081078125
0 0.8451130953125 0.4368281859375 0.8424682546875 0.3725038609375 0.7892817453125 0.373266409375 0.788053571875 0.3732374515625 0.7910773812499999 0.4335193046875 0.8451130953125 0.4368281859375
0 0.7775674609375 0.2601814671875 0.7075674609375 0.2597528953125 0.703505953125 0.3123764484375 0.7771904765625 0.312009653125 0.7775674609375 0.2601814671875
0 0.5939186515625 0.2003918921875 0.5331805562499999 0.200637065625 0.532896825 0.2659942078125 0.5983829359375 0.2659942078125 0.5939186515625 0.2003918921875
1 0.05390625 0.16875 0.04453125 0.11015625
1 0.27421875 0.52578125 0.33671875 0.04453125
1 0.57890625 0.69453125 0.03046875 0.18046875
1 0.91484375 0.34921875 0.0265625 0.05546875
1 0.91484375 0.4625 0.025 0.059375
1 0.775 0.04765625 0.115625 0.0484375
1 0.61015625 0.0515625 0.1171875 0.05625
1 0.434375 0.04765625 0.1125 0.0484375