0 0.18515625 0.2265625 0.02421875 0.06171875
0 0.15 0.41484375 0.02109375 0.05078125
0 0.1 0.640625 0.0359375 0.05390625
0 0.0859375 0.73046875 0.02890625 0.06484375
0 0.18671875 0.6375 0.03125 0.05
0 0.36640625 0.8421875 0.025 0.06171875
0 0.36640625 0.6765625 0.025 0.06328125
0 0.3890625 0.56484375 0.01875 0.04453125
0 0.41015625 0.50546875 0.02421875 0.04921875
0 0.3993762453125 0.2463559328125 0.41529254687500006 0.2112239078125 0.3975037859375 0.176132025 0.3773738546875 0.2054620875 0.3993762453125 0.2463559328125
0 0.4839326421875 0.4500160578125 0.482703865625 0.504050846875 0.5171115984375 0.5024790359375 0.5175799125 0.4485325609375 0.4839326421875 0.4500160578125
0 0.38164208906249997 0.7637814453125 0.35822359531250003 0.7631721671875 0.3597528890625 0.8027136484374999 0.381754484375 0.806104371875 0.38164208906249997 0.7637814453125
0 0.35660980468750003 0.706512934375 0.3567222 0.753734165625 0.3809685140625 0.75285459375 0.381080909375 0.7067636046875 0.35660980468750003 0.706512934375
0 0.471875 0.54765625 0.0203125 0.0484375
0 0.9359375 0.425 0.03203125 0.0625
0 0.84296875 0.48984375 0.02890625 0.05625
0 0.79765625 0.44765625 0.01875 0.0453125
0 0.1484375 0.465625 0.0328125 0.04609375
1 0.14765625 0.24765625 0.03515625 0.02421875
1 0.109375 0.48359375 0.0125 0.04609375
1 0.109375 0.54921875 0.01328125 0.04140625
1 0.06640625 0.63359375 0.01484375 0.06328125
1 0.1546875 0.70625 0.03359375 0.02265625
1 0.25234375 0.7078125 0.034375 0.021875
1 0.3484375 0.24765625 0.0359375 0.02109375
1 0.44609375 0.20078125 0.0359375 0.02109375
1 0.44609375 0.70625 0.034375 0.025
1 0.4046875 0.73359375 0.00859375 0.02890625
1 0.92578125 0.48359375 0.00703125 0.065625
1 0.5453125 0.46015625 0.0109375 0.0625
1 0.25078125 0.2015625 0.05546875 0.01953125
1 0.2145611796875 0.19991257812500002 0.2007903546875 0.2303835859375 0.20801634062500002 0.24443264999999997 0.22092865625 0.21527475468750001 0.2145611796875 0.19991257812500002
1 0.2865556 0.200430865625 0.2795663609375 0.2144942015625 0.29259705 0.24787867968750002 0.2997046625 0.23011864375000002 0.2865556 0.200430865625
1 0.38671875 0.8203125 0.0125 0.015625
1 0.34609375 0.81953125 0.01171875 0.0171875
1 0.328125 0.7640625 0.01171875 0.059375
1 0.08671875 0.58359375 0.021875 0.0125