0 0.1715405125 0.5154838703125 0.1973837953125 0.5147056453125 0.19897015 0.4530483875 0.1711108734375 0.4518286296875 0.1715405125 0.5154838703125
0 0.12178358281249999 0.6353266125 0.1212366734375 0.6977419359375 0.149662046875 0.6977419359375 0.1484477609375 0.63113508125 0.12178358281249999 0.6353266125
0 0.309606609375 0.37962298437499997 0.27340725 0.3805544359375 0.2738997875 0.4336330640625 0.309114071875 0.43409879062499995 0.309606609375 0.37962298437499997
0 0.3063336890625 0.2624233875 0.3066439234375 0.326588709375 0.333956290625 0.3261189515625 0.33283901875 0.262040321875 0.3063336890625 0.2624233875
0 0.6111226015625 0.6723467734375 0.57344989375 0.67357258125 0.5748059703124999 0.7556088703125 0.6104968015625001 0.7571875 0.6111226015625 0.6723467734375
0 0.571049040625 0.6265705640625 0.5379680171875 0.6276875000000001 0.5382803843749999 0.6944435484375 0.5695884859375 0.696022178125 0.571049040625 0.6265705640625
0 0.86484375 0.78046875 0.0984375 0.1390625
1 0.15234375 0.2921875 0.0796875 0.03203125
1 0.26640625 0.2921875 0.05234375 0.03203125
1 0.29921875 0.246875 0.0234375 0.06015625
1 0.17421875 0.86953125 0.08046875 0.0390625
1 0.31953125 0.86875 0.07421875 0.0375
1 0.43046875 0.865625 0.0453125 0.034375
1 0.59296875 0.86796875 0.0359375 0.03984375
1 0.64765625 0.78046875 0.0578125 0.0734375
1 0.6546875 0.56328125 0.034375 0.0875
1 0.7125 0.5859375 0.04375 0.0671875
1 0.93125 0.39375 0.025 0.046875
1 0.546875 0.19765625 0.084375 0.04765625
1 0.16640625 0.0671875 0.21171875 0.1109375