0 0.8112498609375001 0.43441752187500005 0.8115559265625001 0.3485911609375 0.7583567062500001 0.351613259375 0.75850918125 0.43441752187500005 0.8112498609375001 0.43441752187500005
0 0.7052904843750001 0.0884419890625 0.7044223703125 0.046609314062500004 0.6500473015625 0.0442012625 0.6512042296875 0.14175690624999998 0.68591151875 0.11879084375 0.7052904843750001 0.0884419890625
0 0.64686533125 0.0814696125 0.5878625484375 0.0811207578125 0.5855486921875 0.1511902125 0.648022259375 0.15652170468749999 0.64686533125 0.0814696125
0 0.6473995546875 0.0824364640625 0.6473439062499999 0.06253670156249999 0.6231541453125 0.060739542187499995 0.623671675 0.0823314921875 0.6473995546875 0.0824364640625
0 0.9539538125 0.09787766406250001 0.9537490265624999 0.0178958171875 0.87968503125 0.0164222578125 0.905125209375 0.097586425 0.9539538125 0.09787766406250001
0 0.996051196875 0.20803393906249998 0.9415776296875 0.2051499609375 0.9444813578125 0.2809384375 0.9994435171875 0.27984056874999996 0.996051196875 0.20803393906249998
0 0.4789259875 0.0901973171875 0.4669276578125 0.1642857140625 0.536336671875 0.1648342546875 0.534917640625 0.08490292031249999 0.51801669375 0.081965271875 0.49608458593750004 0.08361168125 0.4789259875 0.0901973171875
0 0.47750695624999995 0.09513654375 0.43251363437499996 0.09679636875 0.4311914296875 0.1679447515625 0.499051753125 0.1723346484375 0.47750695624999995 0.09513654375
0 0.8680673343749999 0.8190607734375 0.8675770734375 0.74484609375 0.8249131890625 0.7365453828125 0.806605453125 0.8162794 0.8680673343749999 0.8190607734375
0 0.29609375 0.40234375 0.05625 0.0859375
0 0.240625 0.3890625 0.0515625 0.059375
0 0.2421875 0.25390625 0.05234375 0.06015625
0 0.2546875 0.6140625 0.0671875 0.08359375
0 0.19296875 0.6390625 0.0546875 0.0859375
0 0.46796875 0.6328125 0.04296875 0.07265625
1 0.9265625 0.89375 0.03125 0.03515625
1 0.82734375 0.8953125 0.06015625 0.0375
1 0.58671875 0.7265625 0.03125 0.18359375
1 0.5875 0.49609375 0.02578125 0.1234375
1 0.58828125 0.29609375 0.028125 0.11484375
1 0.22734375 0.7390625 0.01953125 0.10625