0 0.08515625 0.26328125 0.02578125 0.03984375
0 0.203125 0.16484375 0.0453125 0.04453125
0 0.33828125 0.29140625 0.0453125 0.0515625
0 0.24609375 0.13984375 0.0671875 0.0625
0 0.11953125 0.33125 0.05859375 0.0515625
0 0.74921875 0.35625 0.0359375 0.046875
0 0.709375 0.396875 0.046875 0.034375
0 0.596875 0.3546875 0.03515625 0.0421875
0 0.56796875 0.4140625 0.0359375 0.05546875
0 0.2953125 0.1625 0.0359375 0.040625
1 0.55625 0.29296875 0.025 0.0671875
1 0.45078125 0.18984375 0.0296875 0.10390625
1 0.153125 0.10859375 0.06328125 0.0171875
1 0.94140625 0.2953125 0.02578125 0.09453125
1 0.68203125 0.47421875 0.05625 0.0140625
1 0.34375 0.46953125 0.13046875 0.021875